image: atul_map2.png
resolution: 0.050000
origin: [-13.059222, -28.593103, 0.0]
negate: 0
occupied_thresh: 0.65
free_thresh: 0.196
